01000110100100111001000100010100
10000011011010110000101110111100
01001100101000111100000101111111
00100101001001000101110010001000
10000110110001001010110101010111
00100000101101101011010011001110
10111001001000010110000001010101
10000101000100001010000100001101
01101000001101100011101011100111
11000100111010101000101100011101
10100111000010100101000110100011
11111011000011110011101110010010
01110111000011111101111100010110
11000110001011110111101111101011
10111101001011010110101001100010
11000101111100111110011010111000
00001011010011101101101011101010
10110010011101010110100111001100
10100000010001001010110101011100
11000001010000010101001101110110
00111010110010011101101101110101
01101111010001000111010011011111
10101101101001110011001100010101
00111110000010000111001110111000
10111101100110000001000100101111
01110100010101110011100011101001
10101111111000110100100100001001
01000011100100110101101110001110
01111000010011101001000011000101
01101011111000110100011010100100
01010010110101111101011011110100
11111110000111101011001001101110
11111010111001111101110100010001
00011101011001111110101000111110
00000001011100001010000000101001
11000011100101011010100010011011
01001100011110101101000110001110
00001110001010000001000101100010
10111110000011100011100010111010
00101010010010010001111010000110
10000001101111001010101110000101
10011100011011001110111000011111
00101001101011111011001100010010
00100100000110011111101011011101
01000011011010100100111111010101
00010011101010111110100011110100
11001111011000111011110011100010
11011001110101011000001101000100
01110010101000001101000101101000
10100101010011111100100100010011
01101000001001011110001100100101
10101100101100011010010100011011
11101010110010011000111000111011
10111111101111111111101010101011
01110100101010110100111001111001
00110011111000001010101011011010
00101010110101100010101100010101
01010101000000101100001011010010
11101010011010110010010100010010
01111110100011110101101110000010
11001011011010100111011110011100
00000110100111001010101010101101
10101001100001010100011000000001
00001110110101100111011111000100
00110111110111000000000010010010
11111011001010100110001101001010
10000110100100101111001001000100
00011011000011011010010110100110
01110001010101110100101011110001
11010100100100000010001010101000
10001011100001111001000101001001
10010011110011001110101011100101
00010000010110000000100111101110
01000001010010111110001110100100
11000001101000011010110010011011
11001111001000010111110100110010
11111011101110111000011011100011
00110100001110001100010100101001
00000111000011100100110101010100
01011100001100001000001001001101
11000110101011010011101110110011
01010110000111001010001100111001
11110010001011000101001001000101
11000011010010100101101110110000
11110010010111010010011011110110
00010101001110010100010100010011
01001000001100100001101111111100
01101111101000110011010101111110
11100101101001111001000000100111
00100110000100011010111110000010
01111001111101000000010101100110
00000110011011000110101101100110
01001010100111011010110001111100
10001000111111010001010110010000
10001010101010000111000011011000
01001011001111101000100010010101
00110000101010011000111100111000
11100101100001001111100001111110
00001001001010110011101110101001
10110100001111010011000110111111
10101100110001010001100011010100
01001101010100111111000111111000
00011011110001010111011110110100
10011001101010101101100010010101
00001100111110100010010010011000
11010111010011111101111011100111
01100110100000001010101011100101
01110110010111001000010001111010
10001001001111011010001100100000
11001011100100101111111101100011
00111100001011011000000001010001
10001100111101101101010100101111
01010111000101010110100011111000
00011101100110000110101001000010
11000011110101010101011010011110
00010010111101000000001111001010
10111001101100000001011111010110
11010011011101001110110100101010
00000001010011001100010100110011
10000000011111011011101000010100
00110101111100010110110000110000
11110011111010100101000101001011
01000101111111010110100101111011
00000010101100101011111111011011
10000001111011011100110001111001
01111110000111101011100101111110
01010000000110010101111100111101
11001101000000110000011111010101
00111011101000100010101001000001
11010011001000111001000011110100
10001100100110001111000100000010
01000000001000110010101111101101
11110111100011111111111110010001
01100010011000010111001011000101
11110110111010100100101100010010
10010101100110001100100010100010
00100010110000101111010101111001
10111010010011100100010111100000
11101111010000101010010000011111
00010001101101011111111110111100
00101000110011100011000000001100
10100011010010010010100101100011
10111111110000100011111000101110
10001011100111011100101010100011
00111110010110000111110001110011
11000101001101010000110100110110
00110000111110010110101000000101
01101110011001001000000101101010
11000000101100000000010010011010
01111101001110000111010111101110
10000001101111010100011011100111
01110001110100010101101100011000
11100110100110101100111011110111
01101111110011010010111001001011
10110100010010010001001110111110
00000101101011110100101000100011
00010101001001011111100010001111
10011110000110110011011011010110
00110011101101101110101111010011
01100010001100000011010011000010
10000011001010001000011001110111
10101111101000100011101000010100
11010010000010100100010000101110
11010001001010001011101011001100
11011111001000001011011100001010
01010110111110100101011111100011
10001101001011011111101100011011
10010011111101101010001011000001
11111011010010110111000101010110
01010001111111011010101101101101
00111110000101011010011010001101
11111001111011111111001001101011
11001011011001101010101000000010
00010100010101000101011110100010
00001001000010110000110100010110
10010101110010111111010001001101
11110100011101001000100001011111
11111001111100000110001100100000
01011110111001010110101100101010
10110000111111101101000000000111
10001100110100100001110100001110
00011011010011100001011000111011
11110011110010110101010001111011
01011010010111001010101000010111
11000000111110011100101000111011
10111100000000000001001110100101
10000111111011011100000110101000
01100011111011111111110110010101
00010100011111001100100101000100
01101010011101110011100011100101
11101000100001110101101010100100
01010110101101000010001010110001
11001010010011001010101110001101
11010001100011110100100011110000
01000110000000110100000110011111
01000011100010000111001001011111
10000000110001010100010000110111
00100001010010110010000110001101
10010101001101111100011001100101
11010010101011001001010000100101
00001010110011010101000111001110
10111010000001011100000001001010
10110010110100001111110010110100
11001010101100100011011100010001
00001010101001001011110011111101
01111110100101000000110110110100
10110000000000100101001000011001
11010010010110011000100110100000
10011100011000000111100000000111
11101011010000111101110011010010
01111011111110110111001110110000
01110111101011000010011101011011
01101000101010010001101100100000
11001000100001000101011111101010
00011110100010111010111010110100
01100100101111010011101001010111
11000001011101110111110000011100
01011010101101001100110111010110
00110001101110100111010101000000
00001111111001110110010111001000
01011101100110110101010111000101
10101100011011000001001001110101
00100100100100010110100001110101
00001110101001101010101010111101
00001000111010000111011010000100
00011100010110110110001100111111
10111101010111100110001001011110
11011011011110001011010110000010
10000011010011010011101111100101
00011100011011001000100111001101
01100011011001001010110101000000
11000101010001000100010001010000
00111100111011010001011000111111
10010100001110111010010000101101
11000001000000101011101011011000
00100010111101101111000101111100
11011011010000101011100100010000
01100101101101000111010000011101
11000111010000111101000010101100
00011101010101001010111001111110
11011111100100110110000011000001
00000111110001011111110010111000
01110000110011101011100101000010
01001000000010111111110100100010
01110010101010111001010110101110
00100100011001101100100010011010
01101110011000110110110111110001
10010101111111100011001101100101
10000001101101111110001000011000
00010100011111001101101001101011
11000110011010111101011101101001
01110111001111000001101110000011
11010010100100101100000110000101
00011011100010000101010011101110
10010011100011101011111100110010
01000101101100100100011000110100
10111111011000010010011100110110
00011010101010001000100011000110
00001100110100111100110010100010
10001000101010101110110000100101
01111001101001000111101101110111
00110001011110000100011010101101
01010111010011010101101011001101
10111011111010000000010101000110
10000001000110000101000000000011
10000000110001100011100110011111
00101000101111011110001100111110
10010110101000000101010100110010
10100101111001000001011000001101
00011001001011001100001011111100
01100110010111101101100101100110
00100111100001010010100010111011
10100001111011001010111010000100
00111111100110010110000100011010
10101100010010100000000001100101
11010011001101010000101010111100
01110111010111110100010110010101
10001111010111110101111110110001
01001000101010010010001001011110
01000001100001000001001000000101
11000000011110000001011111100111
01001110010100011111100000001000
10100101000111111010000011010111
11000111010011110011010110011001
00100001000001101100011011111110
10111011110110101001001000100001
00000110011001101010001000110110
11000001001111111101100011011001
00001111010001010100111111111000
11100100110110001110011001100001
00111110111111100010001000100011
00011001101010000011110111011110
11101110010100101101111001000000
10000101100000001111111001111101
10010010111110000111101010100010
11011100101100000111010010110011
10100000000001000011100101011000
00001000001011000011001100101000
10110010111010101001001101000011
01110100100010110001110010111111
10111010101010000110100000110001
10001010001110110111010110001101
10000111111010111010000111010111
11000111100111111011111110110000
00000000110111010100001010110111
01000010100101011110010101100101
10111100110010100110011000000101
01101101001100000101100011011011
00100111010000011000001011010000
00111001001101110001101100010001
10110010101100101101010011010001
11010001101010011111110001011010
11011110000100100111010001111011
10100011000111110100000000001111
00110010000100011100001001011111
10000010100101100100011111101110
11010000100010101100111010101001
00101001111111011000000011111011
01010000011001001100010011110011
01000111101010010001011110011011
00101000110010111000001111100011
10011010001100001000111000100001
11000101010000101100101001110100
10001100000010001001010101110001
01100111001111011011001110100111
00010100010011111011100011110000
00001110110000000111110010101101
00000100000011110001111101101100
01111100000001011010000001001011
10110100110010111101011011001001
11000111110101000100000000011011
01110000101100110101101111100011
11011100100010011001110100010100
00110000110001001001000111000010
11101110011100100010111100111101
01010000000101101110010001000011
00001000010101101111000001111110
10011011110000011111110111110111
10000011001010011100001011111000
01110101101101001101000011111011
01001110110101110010010111110111
01000100110100100011000010100111
10100001010100010100100101011101
11101100101110011000001011001101
00001110011101010001011011111111
01111101011101100001010010111001
11001001110000011110100101001111
10101010100101110001000100101101
10011000011111010101101100100101
11100011100101000111101000110001
01110011100011111010000001101010
00100101000011110100100101111000
00100011011001111100000110100001
10100001111001101011100011001101
11110110100010010100001101010011
00000111110111100100111111110001
11110011101100101100011011100101
10110100000111110010101110001110
11100101001010001100101110001101
11011000100101110101000110010101
11000100111011001000000101010001
11010011000110111011001010000111
10100110111011010100100010001011
00101111111110100100110010111011
10110100000101000100001111000111
00111101100101011101010110111101
00111101101110000101000100110000
11110011001001000001011111010111
10101010000111010100100000001000
11110100110110110101000011000100
10000011101100001100000101010010
01111101001001100101011111010010
10110010000000110101111111010110
01011010000111100011011100101001
00010111111001000011101011000001
00100101110100100110111000111100
10100000000100100100011011011110
01001011101110111100000100011101
10111110101010001110010110111101
01001001111001111000000100000110
10111111101101000110010110001011
10010100111000110011100100111101
00111101000010000100100100000110
10110000101000101010111010011011
00100111110011011000001011101010
11010100010110110100110000110010
01101111101000100001001011110110
01001011110111110010000000100000
10100101111100111011001000110001
10011110110001111010100011110111
11010111011011100100010111111001
00010011011110010011000101011000
10011101001101010011111000101011
00000101011101010011011111010101
11000001101100001111101001100110
00001100111000110100101110100000
00011011100001000000011000100111
10001000000000101011111101010100
01000000100001110000101000010100
11010110111001010110110110001100
11000111001110110100011010001010
00100000101000111101000010000111
10111110100000000010101101101011
01111000010011100110010100111000
10010000110001010100010100101101
10010100111100111111100100000100
10000011000000001011010000111111
01001010101011110000100100011100
01011010111001010111101001111100
01011111011000110010011000000111
11011110101110001000101111100010
11001001101111100111101010000001
10101101011001001001101111101101
01110010110101111101101101101101
11000001100011110000001001110011
10110111100011100110111101001111
00100001011110111010100101001100
10110011011001101010000111101001
11100010000010110100000111001110
00010100010001111101100010000010
00011000101100011111010111011110
00011011001011000011000100111101
01001111000011001100111011001111
11000010000100010011100100011111
00101000111110100001110000011100
00111001111100111000011001011010
00111011010110100001000101100010
01001001110100010011011000010111
11110011101111001100001000010111
10100111110001101010011110100011
01110010010010111001010110011011
00100011010100100000010101000010
01000011101110011010000011001111
01100110001111011010010100000001
11111001010010011111000101111111
00010101001110010100110001011110
10110111101100010011011101101101
01111100101100000110001100001011
00001000111000001101011000001011
11100100010000100110110100011110
11011001001001000100011011001111
01000001110100001101101001111111
01111000110011000110010000010000
00100000100111100100000100100100
11011011100100111001110001011111
11010010001011011001001110110111
10111001111100011110010001101110
10011111111001101111000011101100
00100001011010100010010110010110
01101101001011101101011011010000
11111111101110000101110101000101
10010100111010111000100011111000
01110100001100101011010110100001
01110100011101001000110101001010
00011111101001010001101000101000
11000010100110111010011111110100
11100101110111111010101010110001
10010111001011100110111100101100
11110011001010101010111000011001
11010100110001101001110011100110
10000001001110010000101100111110
00011101100000001101000101011111
01001010000111110100011000001001
10011011100000011001111011111010
11001010100111111101100100011011
10011000111101100001000100010110
01000000100001101010000110100010
10100010110100111000000110010010
00110001111010111111011000100001
10101010001000100100001010110111
01011101101100000011001001110011
00011010100000011011010111000010
11010100000011101011111101110011
11100100001001011011110110010110
00110001110011111000011110101001
11101110100010111011111111110001
10100100000011110001001101000100
10110111000000111010100010000011
00101001110011110000100001000111
11100010010010001001000110000010
01011110111010101000001101101010
00000000110100100110001000010011
10010100010010011011110001001010
11010011110110001000111010010000
10010001111000001011000001001100
01001111000001010000100011111001
11011001001100101000101011011010
10010111011010000100000101110010
01110101111000100110100001110100
10101010101111000110100100010000
01110010111110000011111111000000
01100010101101111011000001101110
00001100001100001101010001110110
11100110010110111100101101010101
11101110000010011101110100111011
10011011011101101001011010101000
00010100001111001001101100110110
10000011100101100001101110011111
00000110110011101000001111000111
01110001010100001001100101001110
10011011110110010001110110000011
00111000100101111000000010011101
00100001110111001111011111011011
00101000111010011110101010110100
00100010101111110000101010011110
01011010010101001101001001100010
10110110001010000001001101100111
00011110111000101001010110101101
11101100010110000101100001111011
10001011000011010110110100000011
10001111111000110110100110110000
00100010111001110000111010011101
01000010010011110101000111001010
01110011000101000101010011011010
01001010010000100000110110111010
00011111011001000100100011010000
00000101100110010101011000110010
10010011100111011100000010111101
11000000000111110111110100101100
00111101110100011100101001010101
00110000001111011100000010101011
11000011101101011001101011101010
11011101000100011010111011110010
01000101000011101010000011101011
11111000111110100110010100001010
11000110000111010010100100000100
11011010010000011111010111101000
10111110101010111100010111101111
11110000011010111000001111111000
00111111000111000111101001100001
00111100110101011011000101110110
11110011111110110110010111010001
11101111101000001010011001011010
00000010010101111111110000010100
00101011011101111001101011010101
00011011010010111001011111111001
10111001100110110010000010100010
00111011100100110000111100100001
01111100101000000010001101011100
01001111110101010011010001100101
11000000010011110111001110110010
11100110001110111110110010001010
11011010000111100101010011000000
00111001011110001010110111011100
01000100000011110010111111111010
00010010110101010101000111001100
10100101010100011111011100001111
00111111101011111111001001100000
10101111101011001010011110010101
10110011001111011100000000110110
00000101010011110010000101000110
11110111011101111000111011111010
11100111001000101101111001010101
10011010000000101100011100010100
11111111011000001111010111011010
01110111010100011111111010110100
01001101100111010111010010100101
11110110000101110010101011010101
11000110000111010000100100101001
11101010110010000100111110101101
10010110001101000010100001000110
11101100001101100010011101000001
00011001000100100101111110101110
01011101100001001100110000111101
00001011010111111101110010101010
11100111111010101011101100100111
11010001001100011011100011110111
10110110111111001001001000111100
00101011110001111011100010000100
00101000100110010000000010110111
01001011011111011000011011101000
00011011100111011110000000001001
00111111011100101011011000111110
10000110101110101111010110001111
00001010000110111100101001011000
10100011011101101101010111010100
11011100011011100001011000101010
11000111110001011101011100011111
01111010001010010110111000111000
01101000100010001111010011011010
00001000101101100101111010101010
10010010011010110000101110111001
11001000010001010111000011010101
11100010110110011100001101101001
10100111100111101010001101111000
11111110110011001011110010001101
00000111000011101100111101001011
01011111000100000100000100100110
01110000110101101000110100011100
00010101111011100011010010001000
11011100000100001110111011000101
00101010111101010111110001011011
00111101110110010011000001100010
00000010111000001011001011010110
10110000101010110100110011110110
11010001001001000111000111011110
00011010110000111110101000000110
00011110000000011010001001000110
00110100100101101101111101000111
00000011011001111001000111001000
01110110011001100110111100110010
01110011011000101011000100011001
00010010001000010001100101101111
01010001010001110111000111001110
01001110011110000100111010000010
10111011000011011011010011101011
10010000111101100111001010110111
00100101101111001101111100100100
00101111111000100011000111000011
00101001101111011101000101001010
11011111111100010000000011101011
01010100000000000110111101001001
01111000001100110010001100100100
11000110000001001000100110010100
10100011110100110010011110100010
11101111101111101100000000110111
10101100001100101111101100111111
11101100011010111100011001000010
00010000100100010100010011001111
10110000111000111011000101010100
01111100101111100010010000000001
10100010010100100110100101110010
01010001011001010100000001001001
11101011000001011001110100000111
11011101111000100011000100000000
10010111011000001110001111110111
00101010010101111010000101011001
10010101100010001110000010011111
11000010111010010000101010101110
00101110010110010010011000010101
00100010101100011111110101001001
10000110000001011100111000101110
11011011100000111100110001001001
00111101000100001101110001000010
11110101111001100000111001001101
01110001100100010110111101010111
11111000110001011010110000010100
01011100000100101001001000010110
00100001010000100110110000100100
10011111011110010001001011100010
10011010110011000001010100111111
11011011011111011001110101010000
00011101011101001010101010101111
01100001110111001001011000111001
00101000110011001010110010111110
01100110101011101101000011110001
01101101001101000110100011101101
10010000111010110011100110101101
10110010001101000110110010100100
00111011000000001111011101100110
10001010110001101111001011001110
01000100111011011110011000000010
00111011011111010110111111100000
11010010101101110110110010100000
01110001101111111111110111100000
11111001111010111110011100111001
10110001100110001001010010100010
11001001010110100010011100001000
00111110100101110100111001011101
10101111110000000111010100101010
00011101100100110111111010010010
11110011010100001011100000000100
11001010000000111001100001101111
01111110001011111110011010101000
00000001010000010101100100001111
00111011111110111000011010111011
00100010101001001010001101001011
11110100011100111000100010111010
10100010100000100011111100011011
10110111111110111111010100001011
00100100000011111011010111001000
00110011010010000111100010001100
10100001111001000100101001001111
01000011010110100111101111100001
11001000001010101101100010010101
00100101110000000001100100111110
00111101111011101011111011001011
10100101000111110111100110111000
10111101011000010110111010011100
00011110100110110111010111001000
11011011111110101111100001100110
11111000101100001010110111000111
11101111110001111010110000000101
00100101111001100111110111010100
00000110000101101010100100000010
01100101001010000011000000110110
01001110110000000110100100010101
10110011110010111010001111101011
01101000101111011011110001001010
01011000000001000011110110010001
01110001101100100010011010011101
01011010100101010000011101010101
10110000011001000101000111100110
11010001010010110110101110110010
11001110100111110001000001100001
10011000110011111000000111011110
11111111100011010101100010010111
00001100001011100001100001101010
10110110100000110010001000110111
00011010011101110111001001101111
01000101101000110001100100100100
10111010011010101101011000110000
00100101000101001100001000110110
01001000111100100000000001000111
00010001000000001111111001011000
00010011111111010011110110110110
01010110000000010101010010100110
01000010000011101111100010100001
10110011011100111000010000101011
00011011010110000001011110000100
11101110010111110001010001100110
11111100000100100110100101101010
01111100011110100111001011011101
10010111010000110011111101111010
11101001101001001001110110100001
10001100000101010000010110010000
11110010110000101101110101100010
11011011110000001110110100101000
10110101000110111011011010111100
10110111100011001011110010110011
10001100110001101110000111101001
10110010001011111011001001111010
10111100011010110010011010001011
00001111110001010011100100001100
00001101010011110100000010011011
00111010001101111110000100101101
00001111101000000010011011111110
10101111101101110110100100000011
10010110111011111011110110110011
00010111000010101101010110010101
00000010111101001000110111010110
01101101001100010100001110001001
01111001000110100011110111100001
10001110111001110011001100110100
10111000100101100111101111011001
01111000010110100001111001111101
11110110100101011000001001011011
01100111000011101010000101110011
01010101010101101101101001111111
10110011111000111110100101001111
11101001110000101110000110111110
01111100001100101011101010110110
11001111000110100001001111001110
00010011001010100011110011101010
10000111101000100011011010001011
00011111111001001110111100100001
00001100101011011000001000001101
01011010011110100011011010000000
11100110110111101100001100110000
10101111011011111100100100011111
10101100011111000001001100011000
00011101010011001010110011101100
11111010000111111101001100101101
00011100010011111000101111110100
10001001101111111010111110110000
11010100000000100100011000010111
01001101110111101010100111000111
10010110000111110011101100011011
11011101100011110001101000010010
11010101111111010010111000110110
01100011010000101011000100110101
01111001100110100110101110000111
11100100110011101000011100101010
01001110011101010111110100101111
00000001011111110000101111011100
10010110010001110111010111111101
01011100111110000100110010111010
10100111010000010110110100101101
00101000010001001001010101110111
10111001010001010101001101010011
10111001001011101000100111111001
11000110001101110001111010111111
00011100110011100011110010100001
10111100110000011110011010000000
00011110101001110000111100101001
11101001001100111110011000111100
10010101010001010011100000100011
10010100010010010011001001110010
01001011001101100101110011110110
01000100101001001110011111111000
00110111100001000100100000001100
10011011110011001100110011101001
01101101001101110010000011000110
11101100101110100110100000001101
01001010100111111000111110010100
01000100100111000111101011110100
01111100011101101110011101101101
10010000001100001010000101100001
00101111011011010100000010100110
01010011100000100000010010000101
10001110100100101100100000001111
11100010111010000101000010011111
00101100011100010101000001110110
11111000000010000001001011100100
11011110111100111111100000011000
10001001001001110000011010110001
11010000100010000110000101000111
10110010000101011110010011111011
10001001000110001110101000001100
11100001101000111011001001100010
00111110110111110000011011101110
11101001101000100010010111101010
01101110010101111101100100000100
00000100100000011001100101010001
00100010100010110101110111011011
01001000001111010101011011101100
00111001001010001000100001010101
10111110110111011111100011010110
11001100011100111010010111100010
10010010111000101101011111011101
11001010110001101000111111101111
10011010011100100111011101110010
10111011110101101101001111100110
00000000011111001001110101000101
10000011010111010100011000110110
00010111101110010101011101111010
11111010100101101100111110001001
10100100101000001000111111101100
10100101101000101100110011000010
01101001100000011111110010001001
01111101101101010111101000101010
00100110100001001011001010010000
10001001011001111011111101010100
00111101110001111001011111111111
10101111111100010101111000000101
00000010001101101110101101010110
10101100110011001010111000110101
10000111011001111100101010000100
00100101010001111000001110100000
00100101011011110111001001101011
11110100100010011011010010000010
00001011000010110011001100010011
11000000110111101001010001001000
01011111010010001110001110000111
01010110011010101011101001001100
10001001111111101010000101001001
00001101000000101000111001010100
10101010101101011110100010010110
11101011100111111111001001100010
00110011111011100001110011101110
01101011010010110010000110010011
00001001000001110111011100000111
01101010100100110101010110111111
10010010110101010010011110100011
00011000110101001010101010100010
01001000110100111110000011001001
00100010011111000101111011011010
11110011011001000111101110010000
01101010101101010110000100010111
10011011111011000001100010010100
10000110011110110110010011111101
10010001010110111110001110010100
11011110100001011010101001010111
00100100100011001000100010001011
11110010010011101111111111011001
01001101101110001101011100011011
11111111010001110111101010010110
01010001010110110111101110010001
00011001110001010111110100001010
11101111011101101000000000111100
01111011111001010001100000011000
00111111011101011101110110000011
01101011010000110101100000000110
01111100100010110001010011101000
10010100000100010100110000101000
11011111111100001011011111110010
11011111001001111100011010011010
10111000111110011101101001001000
11111010010001000011111010101000
11110101101110101000001011100010
01011011111101001100100111110101
10010110000101111011001111111100
11110011010011000001011101011001
10001010011000100010001101111110
00100101101101010001100101100000
11110111110010011001111110000001
01010000100000010110001001000000
10011110000000001111101011011010
10001101101110111110010100000100
10111110111001110111111011010011
00111010100100100110010100011010
11011001100001000010111010111111
01000100110010010011100011011111
01101100110110010010001101000011
11110100100000101000010011001010
11101111100100110111010010101010
10001111001110100000100101000010
11110000110000010100001110110110
01001100100111111100011011100110
01100001010110111101101100011011
11001101101110010111011100111000
01011111010100000100100010100000
10110000100001110111010000100111
00100011000100111010000101110001
01100001010011010110001011101101
11000011001001110111001000110010
00001111000100100011110010000100
00110100100110010100010001010000
10111101011110000111000111111101
10011001000011111011011101100010
00000001101101111010111101111110
00100100000100111101000000101010
10001011110101000001000010011111
10011010110111111100011010100001
10011011101011100001011011100001
11001001011010011001010111001100
10011101100001000000011101010001
10101001111100010101110101111110
11101010010001010010110100100010
11110001001001111010100110011001
11111000110110001111101011111001
01010111000001101010110100111011
11100110101000010101010111111111
11010001100000001010111101111000
10001010110010110011110011010000
00111100001101111110101010101001
10100110000100001010010000110101
01110000100111001110110100100100
00101101000000100000101110101101
10000100100001101001111101011001
01010101001011000100001011010011
00010101001110000100010111110110
11101101110010111001111001001001
01011111001100100001111101110110
01001110001101000010101110101001
01000101111011100001101101011110
11111101101100111011101011010110
01100100110101000000000101111110
11100000111011100000000010100111
10010000100101111111011111100011
11100111110110011101101001001101
11000110110111101101001001100000
10111100001101111101100110010111
10100110000001000111111101110100
00100111111100011000110001010111
10111111010101110101000001011000
01110011010000001101101100011001
00110010011010010001111110001100
11001100111000001001001010100111
01000101010100111011100011111000
10000001100010010110011110001111
00101010001101010101000011111010
00111100100000110010100010011111
01110110111011101010101011001010
00110001101010101010110101100010
10110001111000111010100101011010
11001110110110101011010111010010
11110111111011001010101011100100
00100110101011111010111101010101
10001110110100001001101000010011
11011001101111110110110111111011
00111000000011101000110011001101
00100100011111110101000010110001
00111111100011101001110111010111
00000000011000110010101000111101
10100001011000011000111111010011
00000101101100100100010001101010
11010001011101001011000111000010
11111100101011011111000000000000
00000001100001111110000000101100
01001111110011001100001100011111
00100111111001010110011000111101
01111100000000010011011111010001
10000011000101010010000100100100
01010001101101001010001110010101
11111000000010010101111011000111
10110000000111001010010110001011
11011111111001101100010101000001
01101000100001100110100011101011
01111000101101000000110001001101
10011000011001111011011000000001
00111010101011000101011111110001
01001111101111100000011000100101
00111111110000100110101001000001
00111111100111001000111111100000
01001111111101011100000111111010
11100001010111010010000111011010
00111101011111100010001111101100
00011010111010000111000010000110
01100101110001001101101101100100
00001000110001001100010011100110
01001100000000110011001010000111
00100110100111110110010100100110
00011110000101100001101000001011
11011000010010110101111010110000
00101101000111100100100010110100
11101000111101111010101100010010
10100111111001110101111111110111
01110010000110001100000101110101
01110110101000011110011100111100
10111011101111010000101010000101
10101001100010001100011001110100
10000001011110010100101011001110
11011011001000101000011000001011
10110010010111111011111101100101
01010001000101001010010100010111
01110001111011101101001011011100
10110000111101101000101101111011
01001000000001110010010111000100
01110000001000110010110101010101
