11100110010100010011011100110011
01100010101110110101110110001110
10101111110111111011101111100110
10100110110001000010111111001101
10000011110100000100100110011100
01110000101001001110010010111001
11100101111101010001101100100001
00111100110100111011110011111100
00011110111000000001110000100000
11110110101100101010101100100101
11111110100110001000010110011000
00101011111010010000101111111110
01100010110010001001100001011001
11101111000100111001101010101101
00101100110010100110010100111000
01110001100110000110010001101001
10011111110101010001110000111001
10010111100100100011000100011011
00100011111001011101110010100111
01001111111011110011010111111001
01100001111101000001100101100100
01001011000000100110001110011010
01011001101101111100111010100101
00110001111100000101011111010101
11000011100011100111001110000001
10011010110101111011101000010001
10100001011011100110101101101110
10100100010001010111101010111000
10000110011011000111111110101111
11101111100011011011110101010100
00111101010001111111100011111111
10100011000001100110010010100010
01111010111111000011110000110010
01110101101000110100010110100010
11100111000110110010011101110000
10101110111011100001100100001100
10011111110110000010110011010000
11100010001000111011001000101001
00010000011011101111100001001011
01100000110101111011010110110100
01011000100000010100001101111001
10001011111111000100101011010000
10101111011001110010100001111101
00110110110110110010011110010001
01011001000110010110000111011011
11001001000100001111010011101110
10001011010100010010100101100101
01010011000001101100000101110101
01101011110011110100011000001001
10100000111101000101100001000000
10111010110101111001100100110001
10111100000110100000110111011000
01000111101111101111011100001010
01100100111100100111101101110010
00100101010001100001111101011000
11011001010011000100100011000101
11110110110000110000111001100100
10010111011111011001100110010000
00011111000101000100001001011000
11001110100011110101111001010001
00011001010100110010101111000000
00010100111111101000010010000011
11101010111000111001100010101110
11000100010011110101111110111100
01011111101001111111001010101111
00010010001001001100010100001011
01010101010111011000011100011100
10100001101000010100110101010011
10110111110000111100100111011000
00010111000100100010001101111100
11101011000101001010010011000001
10000101110110100010111010011110
01011100100011010101010101010010
00000001001100100111010000100010
00111111111011010000110101111101
00100111010110110101110111001011
10011101010000010000010111000110
11010110010001101001011100011000
11001101110110100111011010000101
01001010011001111001110111111000
10001100001111011011000011011110
00110001000011101010010111001110
11011101101000101001110010101111
00111011111110111110010011111100
11011010111101010001110110010000
11011110110101011100101111010001
01011111101101100011000111111000
10100000011101110011110000111010
01111010111011100100111110100000
01101101011001111111110101110110
01100111000011000110100001100110
00110000011010001111100010101001
11010001111100011010111110111011
01011101011011000010111101001011
00001010011111100111100011010010
01001100000100111001111100000001
00010001011111001000001000010000
11101110111111100011000100111011
00001111001110111011011110111101
00010101110000011101100101111111
11000101110000011111111110101000
11111011111100101110110101010101
01000001001010100110100111001110
01001111011111000111110111100000
11101101001111101100001000001111
00010110011000101001110000110000
11100001100011101011011000111010
11011111101101101011010000111110
00110110011011100011101001100100
10011111110110010110011011011101
01000111000111110010110101000000
01111100011000001001000111000111
01011000000110111011100000000010
10011011001110101100010011100010
01111011101101000011100100001111
11100111010101010010000110010001
10010001101010000110010000011101
01000111111011111110110110000001
01110000010000010101010010000110
00111111011011001000011101001101
10101010101000010100110111010001
01111100001011100101010110000100
01010110111001100110000110010101
01101010111110100010000000010101
10010011110000000101011111110101
01010110111001110100000100000010
01011110000111100001100110011000
01100000101000100100110000100111
01010110101010011000011011101000
00011111111110101000011000100001
11100000111000000111001011001110
11000000011011100111111110110110
00110111110001101111001001111011
10001110011001111001111001110001
10010000110111000010100101100110
11001101110011010000010011111111
10100000111100000000101011101111
01010110110100110110110111100100
01001100010011010100101011010000
01011010100111100011011100111001
10110110000101101101001011000001
10011011101100110011000111101100
11001000110110100100101010010010
10111110100010011011110000001101
10011111110101111000110101000111
00100101101110000011000000010101
10111011010001000100100101110111
11111010010111011010110000110111
01100001101011011101001011100000
11001010001011111001110101000100
01110110111111010000011101000110
10100100000011111111110000001000
01100011100101110100101010001111
01110101001111001111001101100000
11001101101001111110010011110011
00110010111110111000100000110011
11000011011101100100110101101000
11111000011100111011011111110100
01000101011110110011110100001111
01010010100000011110101110000001
11100011010101110100101111110111
01001001111000001101100011000101
10011000100110101000100110011000
00001011110000011001010101110010
11001000111110100001111001001011
00110000101001110001010010011001
11110110101100111010011100110111
01010010101001100000110000101010
01001111110100011110110000010111
11110011111110011101111001011111
00101001001111011100011111000110
00001110010011101001001111000100
00001010101100001011110100100000
01111000100100111011101001000010
01101001101011001111110100010101
01000010010100110110100110100100
01010011011110001110000000100010
11010101000111010100111101110010
10001010010011011111010011110111
11010110110010010001011011010100
00110011001010010101000011000111
00100011111000101001001111010100
11001000100100100100001101100001
10000011000001111101000000100101
11000011111000100001110010111001
00001011101001000010011000011011
11111110100000010101011000111110
00001011011111011001001101110011
01111110011000011010110010110100
11010111000001000100110000110000
11100110101111111100001110010100
10001111100011001011111000100011
11111110101111000011011100000010
00010010111011001111010101100100
01000100011111001101100110011010
11011111000110101000101001011000
11001010010101011011101001101111
00011011110101101111000101011010
11011010110101111100001000001001
11100000001110101111110101011111
01000010100111010010101011010001
11000010101001000010100110101011
01000011101000101000000000100111
10101111010101110101010000101111
11010111100000110101000001001111
10101110011111011010111100001011
11001001111000011001101110000101
10101101111100101010100100010101
10010000100100011111001001011101
10010111101000111100111000110111
11001100111010110000111110001111
11110110111001101000110001100110
10111011010000110110100000100111
01010110010101010110101101101101
01100011110100010000010001010110
00001100001000010101110010011100
00011011110100011000010011001111
10011111101000101110001000111111
11101001011110010010001001010010
01000100101101101101101011110010
10001011110100101001000110110011
10111111001100011010010010111000
01111001111000100101001011110000
11000110110110110010000101111100
10010100001111001101110111001101
00011011011001000010100100010100
10011010100001001011111111101010
00101100110011001111001000010111
00110100110111110001011111001010
10011100110000111100011101110011
11001010000011111010000011110110
00001100011101001100001100100011
01111000101001110101001010111000
00000111000010111011101000010011
10110110101101111001111110001000
11011110101000100111100010001011
11101101000001011101110011010010
10111111000000110010110110101001
11001010011111011011010011010010
01000010101100000010011100001101
00111001011011000110100110110010
10110101000010001001101010101001
11111011011000110010001000000000
00000111101101000101010110000110
10101111111110100110010011010100
10011110110110011111000010101110
10000000011110101101101010101111
11000111000010100110101011001010
11110001111011100111000100100111
00011011111101111110010101000101
10100011111010010100001011010001
10110011000101011111111001001000
11001111011110001010000111110000
10000100110010111011110111000111
00100000010010111000010011110100
01111100100101011011011001010100
11000111011000100100100100110001
10101100100111001010110110100101
00010010010100110010110010010011
10111010011100000111110011100101
10111110101101111001100000100101
01101011111100111011011111110101
11110011000101111001110100111001
11111010000010011011001101101010
10000111010110100010101101001111
01011001111001101111000010001010
11000011011111000001001111110010
00000100000001111110000010100111
10101101010111000010110101110111
00100000001101101111000101101100
11011110111010000111001010100110
11111010000110011000011010000001
11110011001001100000110000010111
11001010010001111111001010001001
00010101110110101001011000000001
01001010010111011110011111101010
00000001111100011100100011101110
01011011100011110101011101000010
01110110111010111011101010110111
11100010111010010001011001111111
11101100111010110101100111100011
10010101101110011011001101101110
10011111100100101011000101111011
10010111001101111010000010110001
01111010000111110100100010011000
00010110111110010111011111000000
00101001000101010100111111100000
10001000101010010111011010101100
00000011001001110010110010100110
01110000111000001111110100000111
01101011011100110110011000010001
00000100101011000000100101010100
01111111100101011011011110010011
00101110000010111100000011000101
01011100110010001010010100100101
00010010000011000001010101101001
10000100001101111001100010101010
10101111101011011000011011111000
00110000010010111111011000001000
00010001001000000100001100101001
01111101101011001001000100000111
00111110011000110000111111011111
10111101010010011100011011100110
00010101111010101000101010000011
11010101000010001100101011110011
00111000001101111101000010011000
10001101000000101011011011011011
10000111000010010011100111101101
00001110110110100100011110010110
00010000100100100110101001010011
10011101000110111100000100111100
00110101110101100011100000000100
00000010100001100101111011100011
10100011000010001000000100101110
00001110101100101001110011000011
01100101101111001000000110011101
11100110101110101000101010001100
11001100100101001100111100010110
01110010010111100110100110110110
10100000000101111110100100101001
00111001000011011101011100000100
00101001001001101100001000110000
00110100000011101101100010011011
00000110010011111100010011110000
11010101110000011010111100001000
11010011100000101000010010110110
01001110010111110011110010110110
00001101011000001000001000001001
11011011110111101101101100000110
00000101001011000110011110001101
10010100100010111011011100000001
01100001101011000010010001010011
00111001011010100110000101101011
00011101101100010011111100010101
00110100110010001100100100111011
01110010000001110010011000100001
10100000011001011001101010001100
11110110000101000101010000100111
01110110001010001010011011010111
10000001100000010011000100011100
01110101100101101101101110111110
01010100011111100110100111110011
00011011111010011111011100100000
11000011111110011001011100111110
10001111010000010011100011010000
11010001101010010000101101000001
00010000000010111101011101010001
00010100111111110000000100110111
00101000101011110010001011011001
10000010011101100001101001100001
10100111100110101000110101100011
11101111101001011111000001101111
00100001101100110010110001010011
00001111100000000001011011111111
01011101010000001001011100111101
01111111011111000010010001011001
01110110110001110001101000010000
10110011100010001000100010110101
01110111010110001010000010010100
01000110011100000111111100011010
00001000001100100010001100100100
00010000001001110101000010000011
01101100000101000111101010100010
00110111110101101111101000100100
11001001110110100001000011110100
00100111000010101000111010011101
00011100000011110001000000110110
11000110100000101111100101110111
11100100001100011110011101000010
01110010111110100010000100001110
00111000110110110010000101101001
00010010011000011011111001001001
00100101101010010010101001110000
00010111101111110000100001100100
11101100011100111111010100101101
00000111001000100010010100001110
11001000000011001000000100110010
01010000100000111110100110000100
00110101100010101001001111001001
00111011000101000010001101110110
01100101101001001110001110110001
00100011110001110110100101110010
11010111101010001101001110110101
11011010011110110100110000010011
10001001000101000010011001100110
10101001010100100000011101110100
00011101100000110111110000000000
00110010110010000010110110001101
10101100111011010111011010010000
11111111111000100110011101011000
01111011101010000001010011010100
11010110100001001000000101110000
10011111101100101010110111100100
11110000111011011000010100010101
00110011011001010111101111100000
00010111001100111010001001001001
00101111011011011110000000111000
00000110011000110001001011110010
01101001111101011101110110100110
11011001011101100101011010111101
11111010111001000011111101010011
11000011100000101110110001010110
11111011000010100100011001011101
01100000001111001110001101011011
01110000000111011000000000110000
11101100110111101110101000011001
10101100101110010010000111000010
11100100000111010001101011011010
01000100011100000010111000000011
10001110111110111100111000000011
01011001111111100001010111111110
10010100111010111000101010001011
11101111100100010110100101110001
11001111101110100100001100001011
11010110100111111111110010001100
11011110011100001000101101110000
00101111011110110001000011000111
10110100000100111100111011001000
10010001111110010001010101110000
10011000100000111001001000010100
00011110001010010010100010000101
00001111011000000101100011101011
00000111100011011010000101011001
00111101100011110100011100101000
00101001000111111010101000100010
11101011010011011101001101110100
10010000111001001111001001110011
11010011011110101011111100100110
00011000110001111111011110101010
10010110111100010001101111000001
01111111011000110101101010011100
00110001111110111110000100011110
10001000011001101100000000011000
10111110001000111000110000011101
11000011100110000010001000111000
10101001100001010001111011000101
00111100110001111100000011110111
01111010111101100011010010101100
00110111010011001100000011111000
11100001101100001101110100111001
01100101001011011010111001001110
01101100110000010101010010010000
00101001111100101111000010111001
01101011011010101100001101101110
10110000110101001110011011110111
00110101011010001110101010100101
11001100000101011001000100010010
01001010010110100010100100000111
01111100010011101001100011001011
11010100000101110110101001111110
01100010100001010101000100011100
11001011011000101010001110111111
01001010111100100001110101111111
10110101101000011011010001010101
01011100100111110010011000001110
00111110100100111100110001010000
10001111000001001000000010111101
01111100000100101101110001011111
10111111101100100010011000011110
10001101101110101111000010110110
00100001000101101100101111100101
11101111011111110111100010110000
01111010111001100011010001000010
00010111010001011000010001011000
11001110000010101100111011101000
01000101110011011110011011110111
01101111011111100111100001110010
01101010110110001011111101100111
10110000100010111101010010111100
11101001011110000010111101110110
10100111110101100010101011000101
01111011101100111110001001010000
01100110110010100100111101010010
01010101110101011100110010100001
10101111000111101010000100101000
01000111101010011100100100011111
10001011100011010000000111111100
00101010011110001111110100001101
01011100001011011001101101111100
01011110001001011011000000011011
11011101100010101110111111001101
11000110011010100010001001110001
11011100001100001100110101000010
00011111110000001000001000001011
00110101000110101011101101111010
00011101011111101001010110110110
01010111100101000100001110001001
00001100101000000100011000001110
00100111010100100100110010011101
00010100010101110011100010110000
01011110011001001110110111010100
10010001000101100001010100100110
01001010011100101101110001010110
00001100110101111011001010100000
00100001000011101110111100000010
11110111000100010001011111001011
11101011101111101111011000100111
01100111100111101100011001101010
10000101110000001100111001000111
10111001100011010001010001011000
10000111111001001000010001001010
10000110111001001010001010111111
10001000100000000000011011110100
11100010110100100111111000110011
10110001100110111011111011110101
01010111010100001001011000010100
10111111110011000110110001110111
00001010000001100111010011010100
10011101001000011111110111011111
10111111101101111100001101000011
11100110001110100000001111000110
11100001001101000000100010111101
00110001010000011010000111010111
01010101110010011000110001011001
00000110110100110001101001100010
10110111101111111000111011000010
10010110101011101011111010000001
00001000010100011101000011000000
00100000111100011010111101000011
10011111100010100111000011000101
00000100101010100010101001110000
10010000111100101100001110010011
10011001110000000001010100100000
00011001010100010011101101100111
00011001110001110001001101100100
00001110011001101101100110001000
00001110001110101001011100000011
01100001100001001110011100101010
10111111001111011011001001101011
01101111100101010100001001011010
01101010100010001101110001101010
01100010111111100001001010101101
00000110110000111110101100110100
11011001000111111101111011110101
00100110000101110100011010101011
00010010111001011100001011101010
01110011010101100111111110100001
00111111001100101001111111011101
10000010100111100010010111110010
00101110000001101101111001100011
01001101111111010011101000100000
10000010011100011010101101000011
01101000010011110010100111110010
00111000000011001001001001100000
10001000101100100100101011010000
11011110011101111000100101111011
11100111101111111001111001011111
11101011001000011110001100000110
11100101111110100100001000010010
01011011110111111010011000101110
00000011111000010101100111010100
00011111110101101000000001011111
10000111001001111010110100111001
00110011010011101100111110000010
11010111001101111010000110010111
10111001010011000100100010010110
10111110101001001011001100110111
11010110111001000110101110010011
00100110010111010001000101100110
01000011001100010011100000101101
10110110001101001011001100100011
01000111000000011111110101011101
10000111100100011100111110001111
10001000001111010111001110010010
10011011101100100010110011000011
00100100011010110100011010000100
10101000010100100001100100000101
10100101010101111101000010101101
11111110101010001011001100010010
00111101110000110101011111000000
11010101110101010101110111010000
11100010110100011000001110101111
00111100000001000011010101011000
00101111110011100111101001110010
01011101011011101110010001110000
01111111100100010011110111100001
01100111011111100110101000011100
10110101011110100010111110110111
01000000111110000000110001100110
11011110011001010011000100001111
11100011110101110010110111011011
10011010011100111110000010101101
00101110101111010101101011001101
11000101111110010010110001101000
00100101010111101010000101100111
01111110001101011001001111101101
10101010001100011101011000011011
10011001101011110111110001011111
00111110010101001110011111110101
00100101111101000011011011011010
11000100000010110100000010011010
01010111000111010010101111101011
11011101010110000111100110100001
10110001110101111010011110000110
00010101010101101100101111011111
10011101100001101000011001000011
10111111010010111011101101101100
00001111010101011010000000111110
01111010111100000100001011001011
00001010101001010011010101011101
11001110011110111000110101111000
01100111110001010100011110011010
00001100110010010010101101110001
01000000111001111010101000101000
00010101111000001001011010101001
10011111101110100011001001110010
01100101111000000110011110111011
11110011000000110110101011010011
10010011011110100011011101100011
11011010111110110100000010100001
01110011010111001001000101111101
11110110110001011000001000101111
11111001011010111110000000010111
01111001101100010011000100100101
01110100100000110100111010010011
01010001001101101101110011000110
10000001100101111110100011111110
11111011000010100100011100111000
00011010011010100101101100001110
00100110100001000000000110010111
01101010011011111000001011110001
01000001000111111101111101110000
11001010010111010001001110111010
01000010100001001111110001111101
01101000110011110001101010110001
01001101100011010100001000001100
01001000000100100110100011001110
00000110110100100010000001110110
00111001001101011110101010100011
11000001011100011110110010000100
10011001110010011011100000101010
00011101000011101010001100011011
10110101001100100110010110100000
10010011100000000110001100010111
11011100100001001000000111011111
10100101000000001001101001011010
10111100000000101001000110111001
01010001001110001110011100010100
01010100110010100101000000001001
01010011100000001000001011100010
11100000011110010101001011001101
00111100100111001011001110100000
00101101100100100111110010011011
01101100110010110111010010101110
11000001100000010100000010100110
11111110000101010111111101101001
01100100000100100100110111100110
11110010001010011110001001010000
10000100011001101011001110000110
00110011011100001100001111010110
11101011100000100011001010001110
01100111000001010000011111111111
01010101011110000010010000010111
01100100001101000010110110101110
11000001110100010001101111110100
10100000001110101001101000101011
00111000000001011001110111111100
01101110100010001100100000110101
11110110101010111001111111011011
10001101001001100111101110110001
10001010101110101000100001111000
11000001100111001000001011111001
01000011101011000001110111011101
01000111011000100100111110110011
10010101100101010000111000111000
00100110000001011001010000101000
00000111011110100001011111001010
10011111001000111010010001100011
01001111100100000111110010100001
11001010010000111010000010010101
01010110110011100001000000010000
00101001000100011000101001101110
11110100001100111001101111110010
00001001111110100110011000110111
10001110010010001001000011110010
10101110111101010111100100010010
00110110110100000001100100101011
10000100111101101011001000111001
00001000100001000011011101110100
11111101010011101011000011100010
10000101111100011001010100010001
01010001110101100001111100100111
01100100010100000010100011110001
10100011111101111111110100010110
00100111100100111011100101111010
00010100010000011000111010010110
10000001011011101000000001000011
00100111110101100100111000100101
10110011001001101110000011011010
01010110110001100000111100111100
00100010011011000011010101110111
01000111010101001011000001011001
00011110010010101010001111101000
11101101000001100011101010101101
01001100101011100101110010100101
11101100100111010011001010001010
00010101011111101100110000110100
11011111111000011110110011101100
11111011010111000101101000110110
10011101101010110011010100000100
11000101010001101011000111111101
01010110011100011011001000111010
00111010111011101111001101110111
01010010001011000111101011001011
11001011011111000111110000000111
01100000110010101111110001000001
10001001111001010101001010010010
11001100010111101011010110101010
00111100001100010100101011001001
11111000100011100001110101100100
11000110001010100100111000101000
11011100001001001101111011111110
11111101101010010101001010001101
10000010111011001001101110011001
01011011001111001101101011001100
11110000101111101100111000100011
10000111100101000001011011011010
11010000111000100101101100001110
11110010001010010000101110010110
00110111101100110011101000011101
01001101111101111110011110010100
01101001011011011101110110101000
11111010110111111100111011001110
11011000001011111010001110001001
01000011101010010100010101001111
01001111100010110110000011000110
01010100001110100111000110011010
10101110100011000010111000001101
10001111111101011011111000011010
00001110100101001100011010111011
10100101010000101010101011000111
11010111101111010100011101010011
00010010000010101001010110011010
11011010001000101101100011101101
01111010011111010001101111101110
00110000111101110000111010000010
10010110110111101110010001111111
00001001010101110001101100110100
01001000111011000000000101111100
01100100100010110011111010100110
11100011011100011110011011000000
01100000101111001110111101001000
10111111101000011111000100001011
10001101101100001110100011010111
10010101100001000000111010000010
10111111100011101110101101110001
00111101110100110101000100110010
11011001011100010000111101001110
10101101101010101111001011001001
11000100000100011011101000110100
00100010111000110000001001110101
01110100011100000100001101011100
11010111100011011001001010011101
00101110101101101111000001010000
00001010110010100011110000001111
01010010111101101111000011000010
00011011100101101100000010101010
11100001110111010111111000101110
10100101110111000010101101100101
01011000001111000001001001101000
00010001110010001101111111100001
10101101010001100100000111100000
00111100111101100010001101100010
01101110101011110100100111001111
01110011110000010010001000110000
10110111111101010100100100011100
00111100010101011110000010010000
10111001101000011101001100001101
10011110011111100111001101000100
00110100100001011011010111011001
10011111101001111010010110010010
00110011100110110111001001000000
11000010110000000010111111001010
01011001000100011110010100011010
11000010110001100100011110000100
00101100101001100010100001101111
11101010001011110100111001100000
00000101110010110110010001011100
11101001001000011111000100011010
10100111001001110011010111011001
01100001010111000111110111101101
11101101001000010001010100010100
00111101111000001001000000011111
00111011111100111110000100010101
00100011000100000100111010000101
11000101110001000000101100000001
11101111000011101000100001001101
00110011010101100000111000100000
10000101101011000000001100100011
10110100000100100111000000011101
01000001010001010111010100001111
00001001110111110100101111111111
01110011010001011100010001010000
11100101000001101000101111100100
01110010111001100010101110111110
00100010010010001000000001101100
11110011110001000101000100001010
10100011010110101010101110101101
10010110001000010011001011100110
10010101110110100011111011101110
00010000000110010000100010000010
00000000011101011001100011111100
10100100101011010110011100111100
11111011000010100010110010000111
01001000111100000000101111100111
00010011110011111110110010011111
11111011011000101111101101101000
10000100101000110100000010000000
11100111001010010101111001010110
11010001001100110101101101001100
00100101101011110110000010110100
00001101111110111000010010100110
10000110011010110010101111001101
11110001010101100001000010011000
11001001001000100111000101101000
10011000011010010000001110100001
01110101110001111111101011000100
11001100001100010001100110100001
11000110010000101111010000010011
10101010111001000100010101110110
10111111111101011010001000111011
11011000001001000100010111001000
11000011001011000001001000000111
00111100000101000101000101100010
01010111011101111000001111110010
11001111110110010000000000000100
10001101111010111001100100001111
10101011100101010111101011011000
10110110011111111010001110110110
01000100101001000111100010111011
00100100101110011111011101010110
01111111111101010000101101001100
11111111011101000111100100101001
01000001100110110000111111110111
10000110001111010011011101000001
00100011011100100110111010101000
10010100110111001111001000000001
11100111111011000001000000100111
10001011111110001001011010110110
00111101111000001101101001100011
11110101100001101101111010110100
11011101111110010111010111100110
00010011111000100100011100001101
10101000001111101001000100110110
11111010000001001010100110000110
11111010001110010010001011010110
11111011001001010010010101010001
10000101001010111101011000000100
01001111110100101010111100111101
10101010100100101000000010011000
11010011101101101011110111010010
10011011010011000110000001001110
01001010110001000111000000001101
11101000100110100110101001011111
10110011101001111110001100111110
01111111010101000010010000001111
00110111101010100110011000110101
00011001001100101101111001000111
11000111000111111000101110111011
00001100001110011101101011100010
01111110010001100100000110111100
11110001110010111010110010000110
00000101011010101100110100100000
01010111111011001110000110010010
00001101010100110011101110110000
00000101100110011000001010111011
00001111101100100010001011100000
11011001000001011111110010111110
00001111000010010000101001110101
11111110111111011101001001010110
11011101111101100101010111111101
10101100001011001011111001001001
10010010110100011111100110101110
11001110110110101010001001100010
10001010011110000011011111100000
10111111110111111111011100001001
00100111000001000101110000100111
11000111010110100100001101100011
01000001110101010110011111111110
00110011011001111011001100010001
11101000001001110000111000101110
10100010101001011000101101010100
10010010011010110001101010010101
01000011001001101111100110101001
00111101001101000000010000111011
00010110100110010000110111100011
10110001111010100100011001100110
11001110110100000110110001101010
01100101000001010101110110001000
00011100110011110101101011110100
01110100011101110101100001101010
00000111011001000101101100001010
00110110100100100111000110100010
01110001110010000100110110010000
01101101101010011001001000011000
01011111011010010000110100110101
01100010110001000101100110110011
11110001101100001011100011100111
00001101010010000111011101010001
01111011001010001010010111001111
01100110001001011100110010110100
10110010101000001010001111001010
10011111111100100011001111010100
01000111111001011001111100010101
10001100010101010001100100111111
01011011001101010011000111110110
10101100100000001001010101110010
01110100000010010010010010011000
10110100010001001010101101010001
11100110000001110110111010111110
01001001101000001100010010110001
10011001000010101000011001010111
10111110111100110100100101011110
00010111010010110011101101100100
10101001110110010011011011101110
11101111110001101000111111001101
11110110101110001000011000011001
01110000101001010011000000000001
00000100011000101100011111111111
01000010100101000101011000010010
01111011101100100100010111101001
01110100010111010011111011101100
11001101101001000101000110101010
01110101101010100110101111111101
01110100000101010000101010000001
00101101110101001010100110000011
00010111111101000101110100101111
00001101101001101110000000000101
00100100110011101011101101000001
10010000001011100010111111110110
00100010100101111001111011010011
11100000100110110101101000101110
10101101000101010111101110101111
10110101110001111000101010001010
11110110001000100011011000011110
00011111100000001011010111110101
00001011101101110110010110111000
01001110011001111110011100010100
11101111111101110001101101101000
11011101101000001010001111010100
10011100111101111001011001001001
11111111101000000100011110010010
01100100010000101100110000011111
11000101101111011111101001011000
10101100000111001000000101011011
11100010000111000000001110001111
10100101101001000101101100100001
11001010110011101001111110110000
00011101011010010010111110101110
10000110100011111011111010101101
11101010101011100010101001000101
01010001111111000010000101011100
10001100010011110100100100100110
11110000100101111110110111011100
10011011001101000100000000110110
00001101101110001111011111100101
00111111110110000101100101000010
10100001111101001110010100010010
10101111011011011110000000011100
11000110010100111011111101001011
00000001111101110011001001101011
01110100111101011001110110111101
10010010010101101100011010000110
10010011100100000111000010001000
01100001110010000010011100110011
11001110101100000111001110001010
11010000001010001000010000011100
01100000011010010101000011011111
11110001010111000001001011010001
01001000110100100101011010000111
11101001000110011000101011110111
00110100000001001011000111111001
00011000111100100001110001111110
00111100110001000010011010100011
11110011100110100111111010001110
11000111111110011100111001001000
10111010100010100011001001100011
10101001001000011111110101000101
11101100100111010111000111100010
11101001000010101001100111001110
10100001011001111111111001100011
11110011110101001010011101000101
00010111101111101010001100111010
11100111010010111100011100001000
11010101111111110010000100001101
10111011001101011000110100101010
01100011000110001000000001010101
00010101110011011001100010001111
11101101101000011110010010011011
11010100100010000001110111000001
01000010000010100010101110011001
11000000000011011100011000011010
10011010110111011101110110011100
00010100110100100000011011010110
01001000000001101100010010110101
10001000111101101110101110011111
11011000111111010100011100111111
10011100001110101000100000101000
10100011010010010110101111111011
00011110010110110100100101000011
